74 74 74 74 74 74 196 293 350 361 
74 74 74 74 74 74 196 293 350 361 
74 74 74 74 74 74 196 293 350 361 
74 74 74 74 74 74 196 293 350 361 
74 74 74 74 74 196 196 293 350 361 
74 74 74 74 74 74 196 293 350 361 
74 74 74 74 74 74 196 293 350 361 
74 74 74 74 74 74 196 293 350 361 
74 74 74 74 74 74 196 293 350 361 
74 74 74 74 74 196 196 293 350 361 
74 74 74 74 74 74 196 293 350 361 
74 74 74 74 74 74 196 293 350 361 
74 74 74 74 74 74 196 293 350 361 
74 74 74 74 74 74 196 293 350 361 
74 74 74 74 74 74 196 293 350 361 
74 74 74 74 74 74 196 293 350 361 
74 74 74 74 74 74 196 293 350 361 
74 74 74 74 74 74 196 293 350 361 
74 74 74 74 74 74 196 293 350 361 
74 74 74 74 74 74 136 293 350 361 
74 74 74 74 74 74 196 293 350 361 
74 74 74 74 74 74 196 293 350 361 
74 74 74 74 74 74 196 293 350 361 
74 74 74 74 74 196 196 293 350 361 
74 74 74 74 74 74 196 293 350 361 
74 74 74 74 74 74 196 293 350 361 
74 74 74 74 74 74 196 293 350 361 
74 74 74 74 74 74 196 293 350 361 
74 74 74 74 74 74 196 293 350 361 
74 74 74 74 74 74 196 293 350 361 
74 74 74 74 74 74 196 293 350 361 
74 74 74 74 74 74 196 293 350 361 
74 74 74 74 74 74 196 293 350 361 
74 74 74 74 74 74 196 293 350 361 
74 74 74 74 74 74 196 293 350 361 
74 74 74 74 74 74 196 293 350 361 
74 74 74 74 74 74 196 293 350 361 
74 74 74 74 74 74 196 293 350 361 
74 74 74 74 74 74 196 293 350 361 
74 74 74 74 74 74 216 293 350 361 
74 74 74 74 74 74 196 293 350 361 
74 74 74 74 74 196 196 293 350 361 
74 74 74 74 74 74 196 293 350 361 
74 74 74 74 74 74 196 293 350 361 
74 74 74 74 74 74 196 293 350 361 
74 74 74 74 74 74 196 293 350 361 
74 74 74 74 74 196 196 293 350 361 
74 74 74 74 74 74 196 293 350 361 
74 74 74 74 74 74 196 293 350 361 
74 74 74 74 74 74 196 293 350 361 
74 74 74 74 74 74 196 293 345 361 
74 74 74 74 74 74 196 293 350 361 
74 74 74 74 74 74 196 334 350 361 
74 74 74 74 74 74 74 293 350 361 
74 74 74 74 74 196 196 293 350 361 
74 74 74 74 74 74 196 293 350 361 
74 74 74 74 74 74 74 196 293 361 
74 74 74 74 74 196 196 293 350 361 
74 74 74 74 74 74 196 293 345 361 
74 74 74 74 74 74 196 293 350 361 
74 74 74 74 74 196 196 293 350 361 
74 74 74 74 74 74 196 293 350 361 
74 74 74 74 74 74 196 293 350 361 
74 74 74 74 74 74 196 293 350 361 
74 74 74 74 74 74 196 293 350 361 
74 74 74 74 74 74 196 293 350 361 
74 74 74 74 74 74 196 293 350 361 
74 74 74 74 74 74 196 293 350 361 
74 74 74 74 74 74 196 293 350 361 
74 74 74 74 74 74 196 293 350 361 
74 74 74 74 74 74 196 293 350 361 
74 74 74 74 74 74 196 293 350 361 
74 74 74 74 74 74 196 293 350 361 
74 74 74 74 74 74 196 293 350 361 
74 74 74 74 74 74 196 293 350 361 
74 74 74 74 74 74 196 293 350 361 
74 74 74 74 74 74 196 293 350 361 
74 74 74 74 74 74 196 293 350 361 
74 74 74 74 74 74 196 293 350 361 
74 74 74 74 74 74 196 293 350 361 
