6.964363843736882
6.964363843736882
6.964363843736882
6.964363843736882
6.964363843736882
6.964363843736882
6.964363843736882
6.964363843736882
6.964363843736882
6.964363843736882
6.964363843736882
6.964363843736882
6.964363843736882
6.964363843736882
6.964363843736882
6.964363843736882
6.964363843736882
6.964363843736882
6.964363843736882
2.091404492902494
6.964363843736882
6.964363843736882
6.964363843736882
6.964363843736882
6.964363843736882
6.964363843736882
6.964363843736882
6.964363843736882
6.964363843736882
6.964363843736882
6.964363843736882
6.964363843736882
6.964363843736882
6.964363843736882
6.964363843736882
6.964363843736882
6.964363843736882
6.964363843736882
6.964363843736882
2.4354902064197743
6.964363843736882
6.964363843736882
6.964363843736882
6.964363843736882
6.964363843736882
6.964363843736882
6.964363843736882
6.964363843736882
6.964363843736882
6.964363843736882
2.0996346968806083
6.964363843736882
2.5257343563144117
2.1675149274924626
6.964363843736882
6.964363843736882
2.0909173527460294
6.964363843736882
2.0996346968806083
6.964363843736882
6.964363843736882
6.964363843736882
6.964363843736882
6.964363843736882
6.964363843736882
6.964363843736882
6.964363843736882
6.964363843736882
6.964363843736882
6.964363843736882
6.964363843736882
6.964363843736882
6.964363843736882
6.964363843736882
6.964363843736882
6.964363843736882
6.964363843736882
6.964363843736882
6.964363843736882
6.964363843736882
