27.07916074067699 28.32175786074765 1.829898344574307 0.0 0.0 
27.07916074067699 28.32175786074765 1.829898344574307 0.0 0.0 
27.07916074067699 28.32175786074765 1.829898344574307 0.0 0.0 
27.07916074067699 28.32175786074765 1.829898344574307 0.0 0.0 
27.07916074067699 28.32175786074765 1.829898344574307 0.0 0.0 
27.07916074067699 28.32175786074765 1.829898344574307 0.0 0.0 
27.07916074067699 28.32175786074765 1.829898344574307 0.0 0.0 
27.07916074067699 28.32175786074765 1.829898344574307 0.0 0.0 
27.07916074067699 28.32175786074765 1.829898344574307 0.0 0.0 
27.07916074067699 28.32175786074765 1.829898344574307 0.0 0.0 
27.07916074067699 28.32175786074765 1.829898344574307 0.0 0.0 
27.07916074067699 28.32175786074765 1.829898344574307 0.0 0.0 
27.07916074067699 28.32175786074765 1.829898344574307 0.0 0.0 
27.07916074067699 28.32175786074765 1.829898344574307 0.0 0.0 
27.07916074067699 28.32175786074765 1.829898344574307 0.0 0.0 
27.07916074067699 28.32175786074765 1.829898344574307 0.0 0.0 
27.07916074067699 28.32175786074765 1.829898344574307 0.0 0.0 
27.07916074067699 28.32175786074765 1.829898344574307 0.0 0.0 
27.07916074067699 28.32175786074765 1.829898344574307 0.0 0.0 
27.07916074067699 28.32175786074765 1.829898344574307 0.0 0.0 
27.07916074067699 28.32175786074765 1.829898344574307 0.0 0.0 
27.07916074067699 28.32175786074765 1.829898344574307 0.0 0.0 
27.07916074067699 28.32175786074765 1.829898344574307 0.0 0.0 
27.07916074067699 28.32175786074765 1.829898344574307 0.0 0.0 
27.07916074067699 28.32175786074765 1.829898344574307 0.0 0.0 
27.07916074067699 28.32175786074765 1.829898344574307 0.0 0.0 
27.07916074067699 28.32175786074765 1.829898344574307 0.0 0.0 
27.07916074067699 28.32175786074765 1.829898344574307 0.0 0.0 
27.07916074067699 28.32175786074765 1.829898344574307 0.0 0.0 
27.07916074067699 28.32175786074765 1.829898344574307 0.0 0.0 
27.07916074067699 28.32175786074765 1.829898344574307 0.0 0.0 
27.07916074067699 28.32175786074765 1.829898344574307 0.0 0.0 
27.07916074067699 28.32175786074765 1.829898344574307 0.0 0.0 
27.07916074067699 28.32175786074765 1.829898344574307 0.0 0.0 
27.07916074067699 28.32175786074765 1.829898344574307 0.0 0.0 
27.07916074067699 28.32175786074765 1.829898344574307 0.0 0.0 
27.07916074067699 28.32175786074765 1.829898344574307 0.0 0.0 
27.07916074067699 28.32175786074765 1.829898344574307 0.0 0.0 
27.07916074067699 28.32175786074765 1.829898344574307 0.0 0.0 
27.07916074067699 28.32175786074765 1.829898344574307 0.0 0.0 
27.07916074067699 28.32175786074765 1.829898344574307 0.0 0.0 
27.07916074067699 28.32175786074765 1.829898344574307 0.0 0.0 
27.07916074067699 28.32175786074765 1.829898344574307 0.0 0.0 
27.07916074067699 28.32175786074765 1.829898344574307 0.0 0.0 
27.07916074067699 28.32175786074765 1.829898344574307 0.0 0.0 
27.07916074067699 28.32175786074765 1.829898344574307 0.0 0.0 
27.07916074067699 28.32175786074765 1.829898344574307 0.0 0.0 
27.07916074067699 28.32175786074765 1.829898344574307 0.0 0.0 
27.07916074067699 28.32175786074765 1.829898344574307 0.0 0.0 
27.07916074067699 28.32175786074765 1.829898344574307 0.0 0.0 
27.07916074067699 28.32175786074765 1.829898344574307 0.0 0.0 
27.07916074067699 28.32175786074765 1.829898344574307 0.0 0.0 
27.07916074067699 28.32175786074765 1.829898344574307 0.0 0.0 
27.07916074067699 28.32175786074765 1.829898344574307 0.0 0.0 
27.07916074067699 28.32175786074765 1.829898344574307 0.0 0.0 
27.07916074067699 28.32175786074765 1.829898344574307 0.0 0.0 
27.07916074067699 28.32175786074765 1.829898344574307 0.0 0.0 
24.45162987211227 1.7976931348623157E308 1.7373797234546595 0.2222222222222222 0.20971325530700669 
27.07916074067699 28.32175786074765 1.829898344574307 0.0 0.0 
27.07916074067699 28.32175786074765 1.829898344574307 0.0 0.0 
27.07916074067699 28.32175786074765 1.829898344574307 0.0 0.0 
27.07916074067699 28.32175786074765 1.829898344574307 0.0 0.0 
27.07916074067699 28.32175786074765 1.829898344574307 0.0 0.0 
27.07916074067699 28.32175786074765 1.829898344574307 0.0 0.0 
27.07916074067699 28.32175786074765 1.829898344574307 0.0 0.0 
27.07916074067699 28.32175786074765 1.829898344574307 0.0 0.0 
27.07916074067699 28.32175786074765 1.829898344574307 0.0 0.0 
27.07916074067699 28.32175786074765 1.829898344574307 0.0 0.0 
27.07916074067699 28.32175786074765 1.829898344574307 0.0 0.0 
27.07916074067699 28.32175786074765 1.829898344574307 0.0 0.0 
27.07916074067699 28.32175786074765 1.829898344574307 0.0 0.0 
27.07916074067699 28.32175786074765 1.829898344574307 0.0 0.0 
27.07916074067699 28.32175786074765 1.829898344574307 0.0 0.0 
27.07916074067699 28.32175786074765 1.829898344574307 0.0 0.0 
27.07916074067699 28.32175786074765 1.829898344574307 0.0 0.0 
27.07916074067699 28.32175786074765 1.829898344574307 0.0 0.0 
27.07916074067699 28.32175786074765 1.829898344574307 0.0 0.0 
27.07916074067699 28.32175786074765 1.829898344574307 0.0 0.0 
27.07916074067699 28.32175786074765 1.829898344574307 0.0 0.0 
27.07916074067699 29.54726785041028 1.829898344574307 0.0 0.0 
