74 74 74 74 88 107 107 267 355 399 
74 74 74 74 74 277 277 277 277 399 
74 74 74 74 74 277 277 277 277 399 
74 74 74 74 88 107 107 267 267 399 
74 74 74 174 277 277 277 277 277 399 
74 74 74 155 155 175 277 277 277 399 
74 74 74 74 74 175 277 277 277 399 
74 74 74 155 155 277 277 277 277 399 
74 74 74 89 107 107 267 334 334 399 
74 74 87 87 107 107 107 227 333 399 
74 74 74 155 155 155 277 277 277 399 
74 74 74 174 277 277 277 277 277 399 
74 74 74 74 74 107 267 334 334 399 
74 74 74 88 107 107 107 227 309 399 
74 74 74 74 276 277 277 277 277 399 
74 74 74 74 88 107 107 227 333 399 
74 74 74 74 174 193 273 309 309 399 
74 74 155 193 273 277 277 294 294 399 
74 74 74 274 274 291 291 293 293 399 
74 74 74 74 107 107 107 267 267 399 
74 74 115 274 274 274 274 309 309 399 
74 74 74 175 276 277 277 277 277 399 
74 74 74 74 88 107 107 227 355 399 
74 74 155 193 273 274 274 291 291 399 
74 155 155 174 274 274 294 294 294 399 
74 74 74 274 274 277 277 294 294 399 
74 74 74 75 294 294 294 309 309 399 
74 155 155 175 175 214 274 293 293 399 
74 74 74 74 174 193 273 277 277 399 
74 74 74 74 155 193 273 278 278 399 
74 74 175 193 273 274 274 333 333 399 
74 175 175 193 273 291 291 294 294 399 
74 74 74 274 274 277 277 333 333 399 
74 74 74 274 274 274 274 274 274 399 
74 74 155 155 175 175 214 274 274 399 
74 155 155 174 274 277 277 294 294 399 
74 175 193 273 277 278 278 294 294 399 
74 74 74 274 274 291 291 333 333 399 
74 155 155 174 274 274 274 309 309 399 
74 74 175 193 273 274 274 294 294 399 
74 74 175 193 273 273 334 334 334 399 
74 74 74 174 193 273 273 278 278 399 
74 175 193 273 277 277 277 333 333 399 
74 74 155 193 273 274 274 333 333 399 
74 74 74 75 274 277 277 293 293 399 
74 74 74 74 274 274 274 274 274 399 
74 74 175 175 193 273 273 333 333 399 
74 74 155 193 273 273 273 309 309 399 
74 74 74 274 274 294 294 334 334 399 
74 74 74 155 155 175 277 277 277 399 
74 74 74 75 294 294 294 294 294 399 
74 74 155 193 273 273 291 291 291 399 
74 74 74 175 175 214 274 294 294 399 
74 74 155 193 273 273 294 294 294 399 
74 74 74 75 274 277 277 294 294 399 
74 74 74 75 274 291 291 294 294 399 
74 74 175 175 193 273 273 333 333 399 
74 175 193 273 278 278 278 294 294 399 
74 74 74 75 274 291 291 293 293 399 
74 74 74 74 214 274 294 294 294 399 
74 175 193 193 273 291 291 293 293 399 
74 74 274 276 277 277 277 293 293 399 
74 74 74 75 274 291 291 293 293 399 
74 155 155 174 274 274 274 309 309 399 
74 74 74 174 193 273 273 278 278 399 
74 74 175 193 273 277 277 293 293 399 
74 74 74 274 274 274 274 293 293 399 
74 74 155 193 273 274 274 277 277 399 
74 74 74 274 274 294 294 334 334 399 
74 74 155 193 273 274 274 333 333 399 
74 74 155 193 273 273 273 333 333 399 
74 74 155 193 273 273 274 277 277 399 
74 74 174 193 273 278 278 333 333 399 
74 74 74 274 276 277 277 293 293 399 
74 74 174 274 274 277 277 278 278 399 
74 74 155 193 273 274 274 294 294 399 
74 74 174 193 273 277 277 333 333 399 
74 155 155 175 175 214 274 294 294 399 
74 155 193 273 278 278 294 294 294 399 
74 74 175 175 193 273 273 273 273 399 
