28.913383957670053 0.0 
16.76486182924731 29.13483106097413 
16.76486182924731 29.13483106097413 
28.913383957670053 0.0 
17.15550721518206 14.70663311278086 
16.832825753088922 21.90593888383425 
16.808739641064047 21.935736867619312 
16.772216266291178 26.250127604905703 
28.78181249180178 3.053368898156934 
28.5895214202715 7.030135561493243 
16.772216266291178 26.250127604905703 
17.15550721518206 14.70663311278086 
28.726834889989725 5.636564848232771 
28.7394416619399 3.056232387128323 
17.52259434752233 12.750984551002226 
28.015429701077338 7.151428112024476 
25.65667913164168 8.9063522245 
25.184878222397707 9.05238437175105 
22.972527336075032 9.817162346750687 
28.696517754279256 5.641345874149385 
26.453820147201853 8.730292105988454 
17.52259434752233 12.750984551002226 
27.969112047670894 7.814934946505767 
24.547791542588833 9.258483539828902 
18.60838699985623 11.858952931121905 
23.233345472033854 9.719427990862306 
27.914710145049057 8.30533755027259 
19.5836368413972 11.323718790662573 
20.738768882709856 10.754885104211649 
22.03429528066207 10.187870655834365 
22.205569083760324 10.117860690263608 
23.64222328045784 9.570552409312358 
24.70820393249937 9.205588578853499 
17.810249675906654 12.340599952615447 
18.169423279024105 12.118615142947512 
23.77066466002461 9.524843030704517 
27.52926092857571 8.376108181642618 
22.69890871741394 9.922107379251782 
26.692813609394264 8.603764486910057 
20.406155302958048 10.912075429510093 
20.328317046106257 10.949603867121553 
21.496976092671314 10.414745219360569 
27.043291423591942 8.50666059757357 
21.8220143430316 10.276167867838327 
25.983230922645205 8.846773893803856 
17.810249675906654 12.340599952615447 
21.043291423591945 10.615327726947976 
26.19399831963244 8.74644793749014 
18.8309518948453 11.731923118747703 
16.832825753088922 21.90593888383425 
19.116428829052737 11.616459550555614 
22.621581859920244 9.952225814692017 
18.406155302958048 11.977041377811513 
19.43681412460242 11.400863264826835 
24.283221093154744 9.388329016073376 
24.283221093154744 9.388329016073376 
21.043291423591945 10.615327726947976 
27.52926092857571 8.376108181642618 
24.022402957195922 9.478197150778467 
18.071067811865476 12.178525725574561 
23.38140514449902 9.664916956567508 
24.933355301524315 9.13249441798489 
24.022402957195922 9.478197150778467 
26.692813609394264 8.603764486910057 
21.496976092671314 10.414745219360569 
27.268442792616888 8.445596674553382 
19.22446323827975 11.514522510486882 
21.27608807070061 10.51133540682743 
18.8309518948453 11.731923118747703 
21.8220143430316 10.276167867838327 
20.65973668286322 10.791776604098514 
21.27608807070061 10.51133540682743 
27.953369389717768 8.265883661484486 
24.933355301524315 9.13249441798489 
20.08276253029822 11.069900381176243 
20.02260056222933 11.099823585218013 
26.122417494872465 8.767370339004461 
18.430241414982927 11.962840911970329 
27.145706187846987 8.478758819960886 
19.820368865331144 11.201740672997346 
