0.851758693144439 -0.7728081566338605 
0.851758693144439 -0.7728081566338605 
5.722345184956679E-7 1.0000244541907668 
0.8233300903468058 -0.45759193644845375 
0.6522861685163065 -0.45752936713650366 
0.45425593364805045 -0.12368028525406537 
0.6184774577532697 -0.12512867943687012 
0.410999433337979 0.2267672682620045 
0.257018673926671 0.24299027267053042 
0.18250019972898238 0.6687584097183329 
0.08206550645442841 0.6704567491728818 
0.6235363831229298 -0.20875863316934243 
0.6270900593945417 -0.2625099308024587 
0.8373757177550136 -0.6865810777974933 
0.19831450297568676 0.5660702127918661 
0.8334883602599767 -0.6360864979786319 
0.8284731625995739 -0.555618221772286 
0.0510168174645464 0.7444632834516 
0.19288769968737346 0.6040887135310063 
0.23324524839224925 0.3161097769735161 
0.02453359434817487 0.8272173077521979 
0.8269721540241427 -0.5281908859660134 
0.6391872020614427 -0.40139695021950883 
0.019538221724649973 0.8510401190424468 
0.6350339712707471 -0.36235949123976985 
0.6316616363783885 -0.3237573361049897 
0.03895678171549592 0.7668185359698408 
0.4180508933379995 0.1292883589796688 
0.002026194156140637 0.9558496118627974 
0.4397862131647216 -0.07971709884996674 
0.18689037251594232 0.643476309150105 
0.028740536734862494 0.8087339430666288 
0.4162229442922387 0.153010682533541 
0.0722988955839553 0.6766563850636635 
0.24332342916223043 0.2694675783721448 
0.8254911074243616 -0.5007117313178937 
0.4446241686844066 -0.1044136271775205 
0.824605901410477 -0.48337229017382666 
0.6210376409806326 -0.16839584121934667 
0.2159365385025954 0.4324046159638096 
0.41214650673845477 0.2155703575016231 
0.8306918815284556 -0.5928998209154973 
0.21335755361423475 0.45223276318633504 
0.4220683586583288 0.08192043729827998 
0.6341700523217777 -0.3529775564157103 
0.4136168237970058 0.18599558335553026 
0.20588263460754436 0.5125186905319764 
0.06521054693903189 0.6876491536466444 
0.22614280551230095 0.3600083176705952 
0.015730833979739678 0.8678572815744449 
0.8417660409832827 -0.7306932825492867 
0.4287196503319187 0.010190636452789923 
0.2181685323913092 0.41582190477201747 
0.844380922350913 -0.7491991901688768 
0.2380898076262929 0.29132197728303155 
0.009325733640798528 0.9029928434335337 
3.4895553322600303E-4 0.98257036741821 
0.4251345867565334 0.04801347586566758 
0.22348742549590866 0.37812639127716713 
0.4144740182763609 0.17480926023064028 
0.2294780406525503 0.33854228092546795 
0.6301541134355649 -0.30452024389845417 
0.05373975485171284 0.7161405434989542 
0.6455359290898944 -0.4419340559221697 
0.4363031839457 -0.05595318466984335 
0.0061827681976484306 0.9214691444046668 
0.24915448003729684 0.255896084654973 
0.4337568092414858 -0.03638839116440423 
0.8309707191306741 -0.5965931476080453 
0.19076691942757398 0.6316842540360884 
0.05128411794394744 0.7230268497104835 
0.2204460881915553 0.3994538251112902 
0.6424673854959513 -0.4252803207924825 
0.6284251759218156 -0.2816898948280512 
0.033285897837648626 0.791995867830242 
0.21130517591546594 0.4685974760115607 
0.013016872100010818 0.8817547296070674 
0.23953707716228045 0.28782899028233117 
0.6195285688739607 -0.14290274639799208 
0.1909342031120131 0.6176893730611046 
0.004510238703878233 0.9356025249961357 
0.8397604858789266 -0.7117944943742349 
0.43970778942155897 -0.060262830541967335 
0.037447239831320284 0.7729217206183353 
0.42007614846445734 0.10498592211257096 
0.6478863208797754 -0.4504840325275225 
0.4308762747581427 -0.011039444455217005 
0.011193093741585898 0.8912507435942119 
0.6209563318232634 -0.16685033357753992 
0.8326085268139772 -0.6232752649612261 
0.2291245906144644 0.34555899035058685 
0.20816930973470926 0.4965113316760015 
0.4271620852821955 0.025201999739384116 
0.034089466249466904 0.786868600088211 
0.22186195024311 0.38971521502859546 
0.43284030810977203 -0.028259615862016852 
0.42399626293842946 0.066146137775661 
0.4201767165215042 0.10402864502635648 
0.2108928132676015 0.48001222751979566 
0.629174454770004 -0.291369172642288 
