2.441296647012723 15.486832980505138 52.407075111026494 
1.7976931348623157E308 26.55334704060059 32.47668018894655 
1.7976931348623157E308 12.727922061357855 42.19689898685966 
1.7976931348623157E308 26.55334704060059 32.47668018894655 
2.441296647012723 15.486832980505138 52.407075111026494 
1.7976931348623157E308 16.96472487858144 35.40397540694817 
3.523122745926691 18.0878305041991 43.852570041176755 
2.7806116150495686 20.284695155040843 43.767695313654556 
1.7976931348623157E308 23.046014520846835 32.772121026090275 
1.7976931348623157E308 15.72865690108165 38.51488683299928 
1.7976931348623157E308 12.727922061357855 42.19689898685966 
1.7976931348623157E308 18.266054645736794 34.91401808069444 
2.510680604686556 13.940328426200669 49.70474465726478 
2.4554476857447827 15.486832980505138 52.40707511102649 
2.47307765293936 14.10654957016754 48.01643668503844 
1.7976931348623157E308 15.478708664619074 40.76799971466892 
1.7976931348623157E308 16.85176252669931 37.863251505663214 
2.6145071484021623 16.233345472033854 45.981992749242735 
2.550324004135597 21.903065500727703 47.38895381446631 
2.656429566463142 13.98140956982914 44.23134292265536 
2.554764334828485 13.69890871741394 46.445640358243544 
2.4587232714476634 14.10654957016754 49.58723301183334 
1.7976931348623157E308 22.26223910384515 32.77212102609028 
1.7976931348623157E308 23.046014520846835 32.772121026090275 
1.7976931348623157E308 17.48227922873511 34.91401808069445 
2.6145071484021623 16.233345472033854 45.981992749242735 
1.7976931348623157E308 15.30056307974577 41.41150082346222 
2.554764334828485 13.69890871741394 46.445640358243544 
1.7976931348623157E308 20.91625762894529 34.04747651574146 
1.7976931348623157E308 18.266054645736794 34.91401808069444 
2.4494535331254355 14.848857801796104 52.407075111026494 
1.7976931348623157E308 16.83130955811703 38.05561073428423 
1.7976931348623157E308 15.30056307974577 41.41150082346222 
1.7976931348623157E308 20.96472487858144 33.76368240653312 
1.7976931348623157E308 21.433811979098962 33.55751918948773 
3.523122745926691 18.0878305041991 43.852570041176755 
1.7976931348623157E308 20.91625762894529 34.04747651574146 
1.7976931348623157E308 21.74468475369148 33.262078352344005 
1.7976931348623157E308 15.72865690108165 38.51488683299928 
1.7976931348623157E308 17.48227922873511 34.91401808069445 
1.7976931348623157E308 21.48227922873511 33.273725080279405 
1.7976931348623157E308 15.478708664619074 40.76799971466892 
1.7976931348623157E308 16.96472487858144 35.40397540694817 
2.4494535331254355 14.848857801796104 52.407075111026494 
2.47307765293936 14.10654957016754 48.01643668503844 
1.7976931348623157E308 22.26223910384515 32.77212102609028 
1.7976931348623157E308 16.83130955811703 38.05561073428423 
2.510680604686556 13.940328426200669 49.70474465726478 
2.656429566463142 13.98140956982914 44.23134292265536 
1.7976931348623157E308 16.85176252669931 37.863251505663214 
2.4554476857447827 15.486832980505138 52.40707511102649 
1.7976931348623157E308 20.96472487858144 33.76368240653312 
1.7976931348623157E308 21.433811979098962 33.55751918948773 
1.7976931348623157E308 21.74468475369148 33.262078352344005 
2.4587232714476634 14.10654957016754 49.58723301183334 
1.7976931348623157E308 21.48227922873511 33.273725080279405 
1.7976931348623157E308 26.55334704060059 32.47668018894655 
2.441296647012723 15.486832980505138 52.407075111026494 
1.7976931348623157E308 12.727922061357855 42.19689898685966 
1.7976931348623157E308 23.046014520846835 32.772121026090275 
2.6145071484021623 16.233345472033854 45.981992749242735 
2.554764334828485 13.69890871741394 46.445640358243544 
1.7976931348623157E308 18.266054645736794 34.91401808069444 
1.7976931348623157E308 15.30056307974577 41.41150082346222 
3.523122745926691 18.0878305041991 43.852570041176755 
1.7976931348623157E308 20.91625762894529 34.04747651574146 
1.7976931348623157E308 15.72865690108165 38.51488683299928 
1.7976931348623157E308 17.48227922873511 34.91401808069445 
1.7976931348623157E308 15.478708664619074 40.76799971466892 
1.7976931348623157E308 16.96472487858144 35.40397540694817 
2.4494535331254355 14.848857801796104 52.407075111026494 
2.47307765293936 14.10654957016754 48.01643668503844 
1.7976931348623157E308 22.26223910384515 32.77212102609028 
1.7976931348623157E308 16.83130955811703 38.05561073428423 
2.510680604686556 13.940328426200669 49.70474465726478 
2.656429566463142 13.98140956982914 44.23134292265536 
1.7976931348623157E308 16.85176252669931 37.863251505663214 
2.4554476857447827 15.486832980505138 52.40707511102649 
1.7976931348623157E308 20.96472487858144 33.76368240653312 
1.7976931348623157E308 21.433811979098962 33.55751918948773 
1.7976931348623157E308 21.74468475369148 33.262078352344005 
2.4587232714476634 14.10654957016754 49.58723301183334 
1.7976931348623157E308 21.48227922873511 33.273725080279405 
1.7976931348623157E308 26.55334704060059 32.47668018894655 
2.441296647012723 15.486832980505138 52.407075111026494 
1.7976931348623157E308 12.727922061357855 42.19689898685966 
1.7976931348623157E308 23.046014520846835 32.772121026090275 
2.6145071484021623 16.233345472033854 45.981992749242735 
2.554764334828485 13.69890871741394 46.445640358243544 
1.7976931348623157E308 18.266054645736794 34.91401808069444 
1.7976931348623157E308 15.30056307974577 41.41150082346222 
1.7976931348623157E308 20.91625762894529 34.04747651574146 
1.7976931348623157E308 15.72865690108165 38.51488683299928 
1.7976931348623157E308 17.48227922873511 34.91401808069445 
1.7976931348623157E308 15.478708664619074 40.76799971466892 
1.7976931348623157E308 16.96472487858144 35.40397540694817 
2.4494535331254355 14.848857801796104 52.407075111026494 
2.47307765293936 14.10654957016754 48.01643668503844 
1.7976931348623157E308 22.26223910384515 32.77212102609028 
1.7976931348623157E308 16.83130955811703 38.05561073428423 
