48.18178888570644 29.104660521978122 8.78678719170161 
48.18178888570644 29.104660521978122 8.78678719170161 
48.18178888570644 29.104660521978122 8.78678719170161 
48.18178888570644 29.104660521978122 8.78678719170161 
48.18178888570644 29.104660521978122 8.78678719170161 
48.18178888570644 29.104660521978122 8.78678719170161 
48.18178888570644 29.104660521978122 8.78678719170161 
48.18178888570644 29.104660521978122 8.78678719170161 
48.18178888570644 29.104660521978122 8.78678719170161 
48.18178888570644 29.104660521978122 8.78678719170161 
48.18178888570644 29.104660521978122 8.78678719170161 
48.18178888570644 29.104660521978122 8.78678719170161 
48.18178888570644 29.104660521978122 8.78678719170161 
48.18178888570644 29.104660521978122 8.78678719170161 
48.18178888570644 29.104660521978122 8.78678719170161 
48.18178888570644 29.104660521978122 8.78678719170161 
48.18178888570644 29.104660521978122 8.78678719170161 
48.18178888570644 29.104660521978122 8.78678719170161 
48.18178888570644 29.104660521978122 8.78678719170161 
48.18178888570644 29.104660521978122 8.78678719170161 
48.18178888570644 29.104660521978122 8.78678719170161 
48.18178888570644 29.104660521978122 8.78678719170161 
48.18178888570644 29.104660521978122 8.78678719170161 
48.18178888570644 29.104660521978122 8.78678719170161 
48.18178888570644 29.104660521978122 8.78678719170161 
48.18178888570644 29.104660521978122 8.78678719170161 
48.18178888570644 29.104660521978122 8.78678719170161 
48.18178888570644 29.104660521978122 8.78678719170161 
48.18178888570644 29.104660521978122 8.78678719170161 
48.18178888570644 29.104660521978122 8.78678719170161 
48.18178888570644 29.104660521978122 8.78678719170161 
48.18178888570644 29.104660521978122 8.78678719170161 
48.18178888570644 29.104660521978122 8.78678719170161 
48.18178888570644 29.104660521978122 8.78678719170161 
48.18178888570644 29.104660521978122 8.78678719170161 
48.18178888570644 29.104660521978122 8.78678719170161 
48.18178888570644 29.104660521978122 8.78678719170161 
48.18178888570644 29.104660521978122 8.78678719170161 
48.18178888570644 29.104660521978122 8.78678719170161 
48.18178888570644 29.104660521978122 8.78678719170161 
48.18178888570644 29.104660521978122 8.78678719170161 
48.18178888570644 29.104660521978122 8.78678719170161 
48.18178888570644 29.104660521978122 8.78678719170161 
48.18178888570644 29.104660521978122 8.78678719170161 
48.18178888570644 29.104660521978122 8.78678719170161 
48.18178888570644 29.104660521978122 8.78678719170161 
48.18178888570644 29.104660521978122 8.78678719170161 
48.18178888570644 29.104660521978122 8.78678719170161 
48.18178888570644 29.104660521978122 8.78678719170161 
48.18178888570644 29.104660521978122 8.78678719170161 
48.18178888570644 29.104660521978122 8.78678719170161 
48.18178888570644 29.104660521978122 8.78678719170161 
48.18178888570644 29.104660521978122 8.78678719170161 
48.18178888570644 29.104660521978122 8.78678719170161 
48.18178888570644 29.104660521978122 8.78678719170161 
48.18178888570644 29.104660521978122 8.78678719170161 
48.18178888570644 29.104660521978122 8.78678719170161 
48.18178888570644 29.104660521978122 8.78678719170161 
48.18178888570644 29.104660521978122 8.78678719170161 
