70 70 70 106 172 172 172 226 291 326 
70 70 70 106 172 172 172 226 291 326 
70 70 70 106 172 172 172 226 291 326 
70 70 70 106 172 172 172 226 291 326 
70 70 70 106 172 172 172 226 291 326 
70 70 70 106 172 172 172 226 291 326 
70 70 70 106 172 172 172 226 291 326 
70 70 106 106 172 172 172 226 291 326 
70 70 70 106 172 172 172 226 291 326 
70 70 70 106 172 172 172 226 291 326 
70 70 70 106 172 172 172 226 291 326 
70 70 70 106 172 172 172 226 291 326 
70 70 70 106 172 172 172 226 291 326 
70 70 106 106 172 172 172 226 291 326 
70 70 70 106 172 172 172 226 291 326 
70 70 70 106 172 172 172 226 291 326 
70 70 106 106 172 172 172 226 291 326 
70 70 70 106 172 172 172 226 291 326 
70 70 70 106 172 172 172 226 291 326 
70 70 70 106 172 172 172 226 291 326 
70 70 70 106 172 172 172 226 291 326 
70 70 70 106 172 172 172 226 291 326 
70 70 106 106 172 172 172 226 291 326 
70 70 70 106 172 172 172 226 291 326 
70 70 106 106 172 172 172 226 291 326 
70 70 70 106 172 172 172 226 291 326 
70 70 70 106 172 172 172 226 291 326 
70 70 70 106 172 172 172 226 291 326 
70 70 106 106 172 172 172 226 291 326 
70 70 106 106 172 172 172 226 291 326 
70 70 106 106 172 172 172 226 291 326 
70 70 70 106 172 172 172 226 291 326 
70 70 106 106 172 172 172 226 291 326 
70 70 106 106 172 172 172 226 291 326 
70 70 70 106 172 172 172 226 291 326 
70 70 70 106 172 172 172 226 291 326 
70 70 106 106 172 172 172 226 291 326 
70 70 106 106 172 172 172 226 291 326 
70 70 106 106 172 172 172 226 291 326 
70 70 106 106 172 172 172 226 291 326 
70 70 106 106 172 172 172 226 291 326 
70 70 70 106 172 172 172 226 291 326 
70 70 106 106 172 172 172 226 291 326 
70 70 70 106 172 172 172 226 291 326 
70 70 70 106 172 172 172 226 291 326 
70 70 70 106 172 172 172 226 291 326 
70 70 70 106 172 172 172 226 291 326 
70 70 70 106 172 172 172 226 291 326 
70 70 106 106 172 172 172 226 291 326 
70 70 106 106 172 172 172 226 291 326 
70 70 106 106 172 172 172 226 291 326 
70 70 70 106 172 172 172 226 291 326 
70 70 70 106 172 172 172 226 291 326 
70 70 70 106 172 172 172 226 291 326 
70 70 106 106 172 172 172 226 291 326 
70 70 106 106 172 172 172 226 291 326 
70 70 106 106 172 172 172 226 291 326 
70 70 106 106 172 172 172 226 291 326 
70 70 70 106 172 172 172 226 291 326 
